(DEVICE FILE: FINISHED_SMT-200)

PACKAGE 'FINISHED_SMT-200'
CLASS IC
PINCOUNT 200

PINORDER 'FINISHED_SMT-200' 1 101 5 4 3 2 102 103 104 105 10 9 8 7 6 106 107 108 109 110 14 13 12 11,
      111 112 113 114 18 17 16 15 115 116 117 118 119 23 22 21 20 19 120 121 122 123 27 26 25 24 124,
      125 126 127 128 32 31 30 29 28 129 130 131 132 36 35 34 33 133 134 135 136 137 41 40 39 38 37,
      138 139 140 141 45 44 43 42 142 143 144 145 50 49 48 47 46 146 147 148 149 150 54 53 52 51 151,
      152 153 154 59 58 57 56 55 155 156 157 158 159 63 62 61 60 160 161 162 163 67 66 65 64 164 165,
      166 167 168 72 71 70 69 68 169 170 171 172 76 75 74 73 173 174 175 176 177 81 80 79 78 77 178,
      179 180 181 85 84 83 82 182 183 184 185 90 89 88 87 86 186 187 188 189 190 94 93 92 91 191 192,
      193 194 99 98 97 96 95 195 196 197 198 199 100 200
PINSWAP 'FINISHED_SMT-200' 1 101 5 4 3 2 102 103 104 105 10 9 8 7 6 106 107 108 109 110 14 13 12 11,
      111 112 113 114 18 17 16 15 115 116 117 118 119 23 22 21 20 19 120 121 122 123 27 26 25 24 124,
      125 126 127 128 32 31 30 29 28 129 130 131 132 36 35 34 33 133 134 135 136 137 41 40 39 38 37,
      138 139 140 141 45 44 43 42 142 143 144 145 50 49 48 47 46 146 147 148 149 150 54 53 52 51 151,
      152 153 154 59 58 57 56 55 155 156 157 158 159 63 62 61 60 160 161 162 163 67 66 65 64 164 165,
      166 167 168 72 71 70 69 68 169 170 171 172 76 75 74 73 173 174 175 176 177 81 80 79 78 77 178,
      179 180 181 85 84 83 82 182 183 184 185 90 89 88 87 86 186 187 188 189 190 94 93 92 91 191 192,
      193 194 99 98 97 96 95 195 196 197 198 199 100 200
FUNCTION 'FINISHED_SMT-200' 'FINISHED_SMT-200' 1 101 5 4 3 2 102 103 104 105 10 9 8 7 6 106 107 108,
      109 110 14 13 12 11 111 112 113 114 18 17 16 15 115 116 117 118 119 23 22 21 20 19 120 121 122,
      123 27 26 25 24 124 125 126 127 128 32 31 30 29 28 129 130 131 132 36 35 34 33 133 134 135 136,
      137 41 40 39 38 37 138 139 140 141 45 44 43 42 142 143 144 145 50 49 48 47 46 146 147 148 149,
      150 54 53 52 51 151 152 153 154 59 58 57 56 55 155 156 157 158 159 63 62 61 60 160 161 162 163,
      67 66 65 64 164 165 166 167 168 72 71 70 69 68 169 170 171 172 76 75 74 73 173 174 175 176 177,
      81 80 79 78 77 178 179 180 181 85 84 83 82 182 183 184 185 90 89 88 87 86 186 187 188 189 190,
      94 93 92 91 191 192 193 194 99 98 97 96 95 195 196 197 198 199 100 200

END
