(DEVICE FILE: QFN-72)

PACKAGE 'QFN-72'
CLASS IC
PINCOUNT 73

PINORDER 'QFN-72' 67 68 69 70 71 72 61 62 63 64 65 66 55 56 57 58 59 60 1 2 3 4 5 6 73 49 50 51 52,
      53 54 48 7 8 9 10 11 12 13 43 44 45 46 47 42 14 15 16 17 18 19 20 21 22 23 24 25 26 27 28 29,
      30 37 38 39 40 41 31 32 33 34 35 36
PINSWAP 'QFN-72' 67 68 69 70 71 72 61 62 63 64 65 66 55 56 57 58 59 60 1 2 3 4 5 6 73 49 50 51 52 53,
      54 48 7 8 9 10 11 12 13 43 44 45 46 47 42 14 15 16 17 18 19 20 21 22 23 24 25 26 27 28 29 30,
      37 38 39 40 41 31 32 33 34 35 36
FUNCTION 'QFN-72' 'QFN-72' 67 68 69 70 71 72 61 62 63 64 65 66 55 56 57 58 59 60 1 2 3 4 5 6 73 49,
      50 51 52 53 54 48 7 8 9 10 11 12 13 43 44 45 46 47 42 14 15 16 17 18 19 20 21 22 23 24 25 26,
      27 28 29 30 37 38 39 40 41 31 32 33 34 35 36

END
