(DEVICE FILE: QFN64-050-0909LH)

PACKAGE 'QFN64-050-0909LH'
CLASS IC
PINCOUNT 65

PINORDER 'QFN64-050-0909LH' 64 63 62 61 2 1 60 59 58 57 56 55 54 53 52 51 50 49 48 47 65 8 7 6 5 4 3,
      46 45 44 43 42 41 14 13 12 11 10 9 40 39 38 37 36 35 20 19 18 17 16 15 26 25 24 23 22 21 32 31,
      30 29 28 27 34 33
PINSWAP 'QFN64-050-0909LH' 64 63 62 61 2 1 60 59 58 57 56 55 54 53 52 51 50 49 48 47 65 8 7 6 5 4 3,
      46 45 44 43 42 41 14 13 12 11 10 9 40 39 38 37 36 35 20 19 18 17 16 15 26 25 24 23 22 21 32 31,
      30 29 28 27 34 33
FUNCTION 'QFN64-050-0909LH' 'QFN64-050-0909LH' 64 63 62 61 2 1 60 59 58 57 56 55 54 53 52 51 50 49,
      48 47 65 8 7 6 5 4 3 46 45 44 43 42 41 14 13 12 11 10 9 40 39 38 37 36 35 20 19 18 17 16 15 26,
      25 24 23 22 21 32 31 30 29 28 27 34 33

END
