(DEVICE FILE: SOP38-20-173A)

PACKAGE 'SOP38-20-173A'
CLASS IC
PINCOUNT 38

PINORDER 'SOP38-20-173A' 5 4 3 2 1 38 37 36 35 34 10 9 8 7 6 33 32 31 30 29 15 14 13 12 11 28 27 26,
      25 24 19 18 17 16 23 22 21 20
PINSWAP 'SOP38-20-173A' 5 4 3 2 1 38 37 36 35 34 10 9 8 7 6 33 32 31 30 29 15 14 13 12 11 28 27 26,
      25 24 19 18 17 16 23 22 21 20
FUNCTION 'SOP38-20-173A' 'SOP38-20-173A' 5 4 3 2 1 38 37 36 35 34 10 9 8 7 6 33 32 31 30 29 15 14 13,
      12 11 28 27 26 25 24 19 18 17 16 23 22 21 20

END
