(DEVICE FILE: SOP56-20-250-550)

PACKAGE 'SOP56-20-250-550'
CLASS IC
PINCOUNT 56

PINORDER 'SOP56-20-250-550' 56 6 5 4 3 2 1 55 54 53 52 51 12 11 10 9 8 7 50 49 48 47 46 45 17 16 15,
      14 13 44 43 42 41 40 23 22 21 20 19 18 39 38 37 36 35 34 28 27 26 25 24 33 32 31 30 29
PINSWAP 'SOP56-20-250-550' 56 6 5 4 3 2 1 55 54 53 52 51 12 11 10 9 8 7 50 49 48 47 46 45 17 16 15,
      14 13 44 43 42 41 40 23 22 21 20 19 18 39 38 37 36 35 34 28 27 26 25 24 33 32 31 30 29
FUNCTION 'SOP56-20-250-550' 'SOP56-20-250-550' 56 6 5 4 3 2 1 55 54 53 52 51 12 11 10 9 8 7 50 49 48,
      47 46 45 17 16 15 14 13 44 43 42 41 40 23 22 21 20 19 18 39 38 37 36 35 34 28 27 26 25 24 33,
      32 31 30 29

END
